1.000000000000000666e+00,-6.201636426617085363e-17,4.987329993433320396e-18,2.949029909160572061e-17,-4.076600168545496672e-17
-6.201636426617085363e-17,9.999999999999997780e-01,2.081668171172168513e-17,3.122502256758252770e-17,-5.551115123125782702e-17
4.987329993433320396e-18,2.081668171172168513e-17,9.999999999999995559e-01,2.385244779468109755e-18,6.938893903907228378e-18
2.949029909160572061e-17,3.122502256758252770e-17,2.385244779468109755e-18,9.999999999999995559e-01,-2.602085213965210642e-17
-4.076600168545496672e-17,-5.551115123125782702e-17,6.938893903907228378e-18,-2.602085213965210642e-17,9.999999999999996669e-01
